r1 = 5
r2 = 6
h1 = 1
h2 = 2
orh1r1 = 2
orh1r2 = 3
orh2r1 = 5
orh2r2 = 1



h = 1.5
r = 5.5

1/(h2-h1)/(r2-r1)*[h2-h h-h1]*[orh1r1 orh1r2; orh2r1 orh2r2]*[r2-r; r-r1]      